from=287 to=335
[963 343 161 148]
[958 332 174 160]
[961 344 166 153]
[964 348 162 150]
[1300 340 160 148]
[969 358 161 148]
[967 357 165 152]
[962 342 175 161]
[965 343 176 162]
[960 332 182 168]
[960 328 185 171]
[965 329 182 168]
[968 335 181 167]
[969 341 179 166]
[965 331 188 174]
[969 347 187 172]
[969 347 189 175]
[974 340 189 174]
[974 350 187 172]
[974 342 190 176]
[977 332 192 177]
[979 322 198 182]
[982 310 203 187]
[983 322 202 186]
[980 307 211 194]
[980 308 212 196]
[984 302 218 201]
[990 312 207 192]
[991 311 214 198]
[986 295 225 208]
[992 307 222 206]
[1000 320 214 198]
[1006 325 218 201]
[1001 330 223 206]
[999 317 229 211]
[991 285 246 227]
[1004 279 239 220]
[1009 291 235 217]
[1012 303 237 219]
[1022 308 234 216]
[1030 313 229 212]
[1033 296 235 216]
[1036 291 239 221]
[1039 284 240 221]
[1044 275 242 223]
[1045 277 240 222]
[1045 275 246 227]
[1052 274 247 228]
